t: [0.1]


Веса скрытого слоя
w0(1) = [0.00846, 3e-05]
w1(1) = [0.02539, 9e-05]

Веса выходного слоя
w0(2) = [0.19936]
w1(2) = [0.00205]
w2(2) = [0.0]